0 222 66
1 211 86
2 200 106
3 189 127
4 178 147
5 166 165
6 271 66
7 260 88
8 249 107
9 237 129
10 226 145
11 218 165
12 207 184
13 196 204
14 308 86
15 297 105
16 286 127
17 276 147
18 264 164
19 252 186
20 242 204
21 232 223
22 346 109
23 336 126
24 323 153
25 314 169
26 301 190
27 291 209
28 281 226
29 272 247
30 383 127
31 372 150
32 363 171
33 348 192
34 340 207
35 327 229
36 318 248
37 307 267
38 434 156
39 423 178
40 412 199
41 404 216
42 392 237
43 380 258
44 370 277
45 360 296
46 490 189
47 480 208
48 469 228
49 459 246
50 445 268
51 436 289
52 427 307
53 416 329
54 543 218
55 534 240
56 521 260
57 512 275
58 500 300
59 488 317
60 478 338
61 466 358
62 584 268
63 576 289
64 566 307
65 553 328
66 544 348
67 528 367