0 10 10 20
1 10 12 20
2 12 10 20
3 12 12 20
4 20 10 21
5 20 12 21
6 22 10 21
7 22 12 21
8 30 10 22
9 30 12 22
10 32 10 22
11 32 12 22
12 40 10 23
13 40 12 23
14 42 10 23
15 42 12 23
16 50 10 24
17 50 12 24
18 52 10 24
19 52 12 24
20 10 20 13
21 10 22 13
22 12 20 13
23 12 22 13
24 20 20 14
25 20 22 14
26 22 20 14
27 22 22 14
28 30 20 15
29 30 22 15
30 32 20 15
31 32 22 15
32 40 20 16
33 40 22 16
34 42 20 16
35 42 22 16
36 50 20 17
37 50 22 17
38 52 20 17
39 52 22 17
40 10 30 6
41 10 32 6
42 12 30 6
43 12 32 6
44 20 30 7
45 20 32 7
46 22 30 7
47 22 32 7
48 30 30 8
49 30 32 8
50 32 30 8
51 32 32 8
52 40 30 9
53 40 32 9
54 42 30 9
55 42 32 9
56 50 30 10
57 50 32 10
58 52 30 10
59 52 32 10
