0 265 83 7
1 265 93 7
2 255 83 7
3 255 93 7
4 254 112 8
5 254 102 8
6 244 112 8
7 244 102 8
8 242 134 9
9 242 124 9
10 232 134 9
11 232 124 9
12 231 150 10
13 231 140 10
14 221 150 10
15 221 140 10
16 218 165 11
17 218 165 11
18 218 165 11
19 218 165 11
20 207 184 12
21 207 184 12
22 207 184 12
23 207 184 12
24 297 105 15
25 297 105 15
26 297 105 15
27 297 105 15
28 286 127 16
29 286 127 16
30 286 127 16
31 286 127 16
32 276 147 17
33 276 147 17
34 276 147 17
35 276 147 17
36 264 164 18
37 264 164 18
38 264 164 18
39 264 164 18
40 252 186 19
41 252 186 19
42 252 186 19
43 252 186 19
44 242 204 20
45 242 204 20
46 242 204 20
47 242 204 20
48 336 126 23
49 336 126 23
50 336 126 23
51 336 126 23
52 323 153 24
53 323 153 24
54 323 153 24
55 323 153 24
56 314 169 25
57 314 169 25
58 314 169 25
59 314 169 25
60 301 190 26
61 301 190 26
62 301 190 26
63 301 190 26
64 291 209 27
65 291 209 27
66 291 209 27
67 291 209 27
68 281 226 28
69 281 226 28
70 281 226 28
71 281 226 28
72 372 150 31
73 372 150 31
74 372 150 31
75 372 150 31
76 363 171 32
77 363 171 32
78 363 171 32
79 363 171 32
80 348 192 33
81 348 192 33
82 348 192 33
83 348 192 33
84 340 207 34
85 340 207 34
86 340 207 34
87 340 207 34
88 327 229 35
89 327 229 35
90 327 229 35
91 327 229 35
92 318 248 36
93 318 248 36
94 318 248 36
95 318 248 36
96 423 178 39
97 423 178 39
98 423 178 39
99 423 178 39
100 412 199 40
101 412 199 40
102 412 199 40
103 412 199 40
104 404 216 41
105 404 216 41
106 404 216 41
107 404 216 41
108 392 237 42
109 392 237 42
110 392 237 42
111 392 237 42
112 380 258 43
113 380 258 43
114 380 258 43
115 380 258 43
116 370 277 44
117 370 277 44
118 370 277 44
119 370 277 44
120 480 208 47
121 480 208 47
122 480 208 47
123 480 208 47
124 469 228 48
125 469 228 48
126 469 228 48
127 469 228 48
128 459 246 49
129 459 246 49
130 459 246 49
131 459 246 49
132 445 268 50
133 445 268 50
134 445 268 50
135 445 268 50
136 436 289 51
137 436 289 51
138 436 289 51
139 436 289 51
140 427 307 52
141 427 307 52
142 427 307 52
143 427 307 52
144 534 240 55
145 534 240 55
146 534 240 55
147 534 240 55
148 521 260 56
149 521 260 56
150 521 260 56
151 521 260 56
152 512 275 57
153 512 275 57
154 512 275 57
155 512 275 57
156 500 300 58
157 500 300 58
158 500 300 58
159 500 300 58
160 488 317 59
161 488 317 59
162 488 317 59
163 488 317 59
164 478 338 60
165 478 338 60
166 478 338 60
167 478 338 60
