0 7   
1 8   
2 9   
3 10   
4 11   
5 12   
6 7   
7 6 0 8 15
8 7 1 9 16
9 8 2 10 17
10 9 3 11 18
11 10 4 12 19
12 11 5 13 20
13 12   
14 15   
15 14 7 16 23
16 15 8 17 24
17 16 9 18 25
18 17 10 19 26
19 18 11 20 27
20 19 12 21 28
21 20   
22 23   
23 22 15 24 31
24 23 16 25 32
25 24 17 26 33
26 25 18 27 34
27 26 19 28 35
28 27 20 29 36
29 28   
30 31   
31 30 23 32 39
32 31 24 33 40
33 32 25 34 41
34 33 26 35 42
35 34 27 36 43
36 35 28 37 44
37 36   
38 39   
39 38 31 40 47
40 39 32 41 48
41 40 33 42 49
42 41 34 43 50
43 42 35 44 51
44 43 36 45 52
45 44   
46 47   
47 46 39 48 55
48 47 40 49 56
49 48 41 50 57
50 49 42 51 58
51 50 43 52 59
52 51 44 53 60
53 52   
54 55   
55 54 47 56 62
56 55 48 57 63
57 56 49 58 64
58 57 50 59 65
59 58 51 60 66
60 59 52 61 67
61 60   
62 55   
63 56   
64 57   
65 58   
66 59   
67 60   
